645
2088
42
2090
11
886
1665
1084
2900
2432
750
4021
1070
1765
1322
26
548
1525
77
2181
2752
127
2147
211
41
1575
151
479
697
557
2267
542
392
73
603
233
255
528
397
1529
1023
1194
462
583
37
943
996
480
1497
717
224
219
1531
498
44
288
267
600
52
269
1086
386
176
2199
216
54
675
1243
463
650
171
327
110
774
509
8
197
136
12
1124
64
380
811
232
192
731
715
226
605
539
1491
323
240
179
702
156
82
1397
354
778
603
1001
385
986
203
149
576
445
180
1403
252
675
1351
2983
1568
45
899
3260
1025
31
100
2055
4043
79
238
3931
2351
595
110
215
0
563
206
660
242
577
179
157
192
192
1848
792
1693
55
388
225
1134
1172
1555
31
1582
1044
378
1687
2915
280
765
2819
511
1521
745
2491
580
2072
6450
578
745
1075
1103
1549
1520
138
1202
296
277
351
391
950
459
62
1056
1128
139
420
87
71
814
603
1349
162
1027
783
326
101
876
381
905
156
419
239
119
129
467